TRIB3
45.41
73.94
0.19
37.89
103.28
55.23
24.46
0.27
68.78
0.4
40.64
59.03
0.19
0
46.61
0
53.68
172.92
48.14
4.14
124.24
12.86
0
25.29
106.1
61.09
0
0
0
39.38
0.75
0
0
0
0
0
0
0
0
0
0
0.08
0
0
0
0
0
0
0
0
0
0
2.77
0
0
0
0
0
0
0
0
0
0
0
0
0
71.72
0
0
0.13
0
0
9.5
0
0
0
99.02
0
2.84
0
0
0
0
0
0
19.02
0
1.27
3.2
0
0
0
0
0
0
0
0
0
0
0.22
0.2
0
0
0
0
0
0
0
0
0
0
0
0.27
0
0
0
0
0.24
0.22
0
0
2.56
0
0
0
0
0
0
0
0
0
0
0.21
0
0
43.92
0
0
3.73
0
0
0
0
22.35
0
0
0
0
0
0
0
2.32
0
0
0
0
0
58.86
0
0
0
0
0
0
2.03
0
0
0
0
0
0
0
0
0
40.49
109.36
0
3.74
41.78
11.57
1.4
99.84
50.9
10.34
18.01
0.1
73.24
0
18.24
140.64
0.25
4.94
8.54
293.46
6.58
2.82
2.53
2.65
4.54
85.66
18.6
464.25
88.96
41.13
1.75
22.28
40.67
68.8
0.6
0.52
89.06
184.11
120.55
543.53
0.49
0.72
113.95
373.4
60.46
65.11
0.35
7.72
329.94
142.72
129.06
0
40
66.29
176.92
29.9
78.57
234.15
21.24
34.98
13.14
0.29
0
28.01
57.54
75.37
1.08
0
0
0.56
1.2
102.65
0
0
5.07
70.88
3.26
0
0
0
113.28
0
0
0
0
61.22
0
0
1.34
2.38
0
19.89
0
0
0
0
0
0
8.68
0.24
0
29.3
13.64
0
25.92
0.2
0
0
0
17.34
0
0
36.17
351.94
8.11
0
0
0
0
0
0
0
55.87
2.05
0
0
2.69
0
0
0
0
0
0
0
16.57
0.21
0
0
0
0
43.4
0
0
0
0
0
0
0.32
14.5
0
54.39
0
0
0
0
0
0
0
0
0
0
0
0
0
108.67
0
31.12
0
11.57
0
0
0.7
43.92
0
0
2.69
0.11
0
0
0
0
33.79
0
15.83
0
0
0
0.47
0.16
0
0.24
0
0.16
0
0
0.76
9.57
86.35
0
0
0
0
21.81
0
0
0
0
0
0
0
0.2
0
0
0
0
0
0
0
0.32
0
0
0
0
0
0
0
46.12
0.19
46.7
91.38
0
71.07
0
0.29
49.24
82.87
0.82
0
0
164.57
12.98
0.23
0
0
0
0
0.16
0
0
0
0
107.3
0
34.01
0
195.72
0
0
0
0
0
0
0
0
0
0
0
0
0
0
3.57
0
0.53
0
0
0
34.73
123.71
0
0
0
0
49.48
0
0
0
0
2.22
0
0
1.13
0
0
0
0
0
0
0
8.84
0
0
0.15
0
0
0
0
0
0
0
0
0
0
0
0
0
0
0
34.1
0
154.79
0
0
0
0.14
0
0
0
0
0
0
0
0
0
0
0
0
0
0
0
0
0
0
0
0
0
0
0
0
0
0.31
0
0
0
0
0
0
0
0
0
0
0
0
0
18.86
0
296.46
152.46
64.32
0
20.44
0
0
142.04
3.06
12.94
